167
310
879
1549
1620
1849
1902
1955
2671
2910
3155
3217
3627
3698
4525
4603
4811
5035
5186
5377
5687
5729
5964
6088
6163
6329
6723
7038
7179
7528
7828
8061
8096
8185
8412
8469
8649
8977
9014
9064
9091
9256
10013
10168
10319
10368
10907
11011
11088
11204
11285
11532
11709
11762
12002
13388
13554
13590
13934
14586
14745
14872
15008
15085
15195
15865
15946
16132
16823
16914
17073
17194
17564
17604
17907
18030
18300
18539
18776
18980
19082
19288
19433
19480
19514
19716
19851
20406
20717
20748
21175
21488
21684
22136
22795
24166
24250
24331
24638
24674
25094
25135
25864
26188
26321
26450
26537
26804
27171
27835
28027
28259
29610
29669
29755
29808
30102
30126
30309
30641
30719
30819
31393
31667
31946
32143
32163
32297
32898
32956
33028
33502
33693
33819
33891
35451
35642
36059
36138
36210
36317
36467
36622
36977
37047
37110
37217
37352
37511
37569
37938
37990
38332
39586
41313
41719
41926
42278
42376
42457
43727
43893
44431
45455
47576
47827
47991
48036
48069
48417
48479
48541
48878
49436
49530
49818
49859
50035
50189
50290
50507
50723
50885
51392
52140
52445
52858
53082
53139
53417
53647
53861
54060
54338
54375
54402
54668
54739
54980
55052
55631
55863
56987
57199
57397
57435
58712
58768
59244
60836
60931
61055
61109
61293
61409
61625
61654
62269
62301
62735
62983
63151
63212
63288
63334
63440
63585
63621
63664
63723
63763
63824
64141
64172
64315
64460
64811
65590
65872
66263
66336
66757
66878
67167
67334
67429
67461
68051
68386
68464
68749
68849
69008
69058
69631
69989
70202
70524
70633
70781
71160
71313
71446
71468
71643
72283
72499
72791
73048
73244
73273
73760
73835
74121
74316
74594
74933
75297
75491
75934
75967
76176
76721
76742
77190
77339
77485
77942
78739
78881
79314
79423
79640
80207
80466
80766
81232
81312
82222
82326
82987
83028
83464
83782
83807
84728
84816
85025
85091
85943
86156
86360
86727
87684
87867
87908
88150
88701
88806
88870
89256
90316
90623
90922
90983
91201
91225
91489
91996
92098
92543
92612
92845
93812
94044
94147
94316
94365
94931
95029
95096
95176
95213
95477
95533
95626
95913
96134
96205
96453
96708
96950
96977
97185
97211
97288
97341
97386
97545
97617
97767
97915
97997
98046
98209
98300
98369
98394
98463
98567
98653
98736
98838
98875
98950
99059
99079
99135
99172
99228
99327
99431
99456
99500
99545
99591
99632
99726
99762
100800
101212
103771
105701
106317
106353
108732
108969
109301
109640
111127
111734
113090
116544
116613
117102
117221
119857
120459
122379
122735
123650
123820
123999
124300
124445
124494
124730
124881
125000
125165
125344
126412
126731
127191
127320
127518
127662
127685
127866
127889
127914
128409
128685
128998
129131
129460
129750
130042
130241
130439
131004
132039
132591
132688
133245
133369
133539
134117
134198
134883
134986
135606
136230
136345
137419
137446
137566
137776
138133
139367
139418
139856
140219
140433
140761
140846
141343
142373
142435
143480
143632
143701
143737
143886
144130
144673
144757
144784
145069
145299
145755
145906
145998
146236
146469
146796
147043
147220
147613
