124
297
636
681
1071
1083
1278
1392
1615
1685
2058
2171
2243
2329
2399
2640
2688
2757
2866
2963
3105
3208
3271
3309
3350
3482
3568
3664
3697
3711
3785
3858
4100
4151
4247
4302
4321
4333
4396
4412
4449
4639
4690
4901
5067
5099
5219
5347
5362
5381
5446
5532
5575
5868
5880
5935
5947
5972
5989
6001
6065
6102
6133
6282
6423
6473
6554
6589
6911
7034
7085
7107
7131
7175
7216
7255
7289
7417
7544
7593
7721
7758
7887
7934
7959
7974
8067
8108
8215
8378
8568
8751
8789
8817
8873
8949
9064
9085
9488
9527
9539
10631
10811
10873
10889
10969
11279
11366
11397
11418
11492
11513
11570
11652
11869
11902
12118
12170
12253
12291
12372
12558
12642
12906
13182
13281
13370
13446
13736
13865
13901
14245
14317
14343
14542
14610
14670
14830
14924
15049
15066
15521
15651
15945
16229
16379
16392
16407
16438
16688
16809
17180
17305
17379
17396
17665
17727
17775
17855
18089
18173
18248
18269
18280
18298
18392
18584
18894
19022
19034
19332
19421
19475
19514
19577
19649
19742
19770
19783
19961
19975
20009
20027
20145
20197
20238
20276
20378
20562
20775
20901
21212
21243
21265
21300
21319
21359
21722
21769
21793
21812
21887
21955
21983
22120
22486
22631
22792
22959
23012
23215
23290
23375
23431
23442
23607
24278
24293
24308
24778
24826
24911
24954
25107
25208
25450
25594
25749
25951
26118
26364
26450
26573
26821
26888
26970
27037
27129
27269
27284
27345
27408
27534
27612
27671
27705
27905
27963
28187
28220
28539
28717
28740
28759
28910
28973
29067
29222
29416
29443
29555
29657
29722
29823
29853
29932
29961
30172
30220
30243
30306
30493
30623
30668
30689
30709
30769
30816
30830
30875
31021
31162
31216
31303
31328
31413
32285
32634
32689
32709
32785
32900
33011
33169
33299
33341
33367
33405
33423
33445
33483
33503
33519
33575
33625
33828
33917
34366
36003
37561
37936
37993
38095
38247
38369
38436
38474
38613
38733
38817
38916
38943
38999
39311
39323
39389
40209
40401
40566
40591
40602
40696
40798
41106
41310
41542
41583
41940
42553
42871
43133
43316
43371
43615
43690
44167
44354
44377
44520
44776
45040
45083
45119
45185
45445
45475
45715
46048
46082
46613
46642
46754
47171
47297
47660
47684
47852
48320
48343
48455
48484
48532
48578
48624
48724
48786
48809
48830
49055
49117
49160
49218
49234
49300
49367
49438
49452
49541
49613
49699
50162
50334
50353
50372
50531
50608
50635
50655
50677
51149
51431
51516
51718
51954
52087
52205
52421
52481
52875
52932
52961
53180
53226
53344
53487
53546
54184
54195
54240
54341
54435
54446
54520
54638
54710
54851
54878
54982
55101
55119
55134
55181
55437
55470
55622
56149
56287
56311
56341
56358
56396
56430
56558
56666
56714
57009
57106
57241
57267
57553
57843
57916
58017
58113
58386
58409
58632
58662
59187
59523
59760
60050
60231
60489
60561
60572
60726
60784
60831
60913
60965
61553
61784
62096
62246
62272
62557
62667
62718
62734
62830
62925
63130
63307
63348
63377
63395
63470
63510
63701
63744
63773
63992
64215
64458
64469
64634
64963
64995
65014
66264
66379
66429
66597
66746
66785
66941
66977
67023
67313
67376
67523
67591
67724
68543
68656
68668
68711
68734
68808
68863
68997
69064
69192
69209
69259
69367
69561
69650
69685
69809
69826
69871
69887
69910
70895
70940
70968
71011
71087
71098
71270
71439
71456
71468
71570
71681
71727
71826
72010
72039
72290
72470
72641
72851
73624
73798
73916
74469
74502
74571
74614
74903
75093
75108
75164
75500
75592
75668
76179
76275
76421
76450
76597
76648
76906
77122
77773
77804
77833
77845
77960
77975
78083
78110
78232
78249
78303
78419
78666
78828
78873
78928
79037
79064
79081
79161
79249
79532
79742
79758
79886
79956
80027
80052
80204
80312
80361
80664
80975
81011
81082
81096
81110
81490
81534
81770
81810
81843
81979
82077
82128
82300
82588
82636
82715
82820
83062
83141
83368
83627
83651
83691
83771
83975
83990
84248
84275
84380
84407
84503
84536
84651
84727
85081
85299
85359
85386
85457
85656
85720
85940
86042
86182
86283
86360
86635
86830
86857
87183
87204
87306
87501
87567
87708
87769
87969
88016
88097
88112
88451
88584
88760
89061
89137
89206
89218
89371
89427
89728
90139
90419
90502
90568
90581
90617
90676
90693
90720
90760
90915
90992
91094
91162
91312
91481
91496
91778
91872
92020
92249
92379
92417
92505
92561
93228
93298
93448
93470
93483
93520
93538
93571
93754
93835
93896
93977
93998
94128
94222
94349
94481
94494
94805
94860
94873
94886
95100
95351
95390
95554
95584
95951
96152
96201
96552
96787
97059
97108
97146
97361
97549
97689
97787
97854
97934
97971
98087
98235
98291
98365
98671
98892
98963
99211
99417
99689
99708
99735
99943
99969
99991
100099
100144
100288
100303
100375
100525
100658
100673
100755
100804
100967
101058
101109
101152
101325
101411
101494
101596
101708
101837
101878
101893
101930
101986
102085
102189
102214
102258
102303
102349
102375
102390
102484
102520
102656
103023
105135
105600
105675
105874
107507
108803
108856
109089
109125
109428
109541
110056
110114
110417
110670
111504
111744
111759
111931
112003
112091
112377
112430
113851
113917
115469
115880
119403
119960
119990
120032
120159
120266
120403
127423
127455
127508
127530
127572
127687
127699
127722
127860
127952
127971
128091
128127
128150
128298
128345
128403
128559
128610
128646
128663
128833
128898
129201
129656
129866
129998
130046
130108
130159
130283
130796
130945
131068
131106
131332
131432
131889
132059
132131
132161
132189
132203
132266
132351
132455
132641
132758
132807
133189
133258
133331
133361
133387
133403
133784
133817
134072
134420
134501
134533
134827
134998
135095
137113
137311
137594
137742
137832
138011
139409
139685
139761
140206
140252
140358
140445
140460
140493
140813
141093
141140
141163
141199
141218
141240
141310
141500
141555
141674
141728
141788
141808
142386
142401
142452
142542
142623
142778
142890
143040
143091
143253
143440
143467
143510
143538
143568
143674
143732
143925
143941
145006
145060
145330
145389
145415
145436
145477
145491
145636
145753
145880
145970
146537
146641
146758
146794
146870
146911
146930
146943
147046
147201
147342
147542
147639
147650
147667
147730
147826
147841
147916
148066
148215
148236
148259
148356
148393
148475
148489
148501
148594
148767
148889
148982
149027
149042
149061
149147
149160
149177
149209
149299
149401
149418
149442
149620
149667
149754
149786
149894
150040
150072
150106
150129
150216
150229
150313
150402
150504
150540
150575
150630